24,1
24,3
29,21
29,6
29,3
10,211
10,209
10,123
10,213
10,91
10,17
10,287
10,241
11,9
11,25
11,29
11,15
11,21
11,19
11,27
9,5
8,8
8,7
8,17
8,11
33,4
33,3
33,2
33,1
33,0
32,3
32,2
32,1
32,0
31,11
31,10
31,9
31,8
31,7
31,6
31,5
31,4
31,3
31,2
31,1
31,0
30,25
30,24
30,23
30,22
30,21
30,20
30,19
30,18
30,17
30,16
30,15
30,14
30,13
30,12
30,11
30,10
30,9
30,8
30,7
30,6
30,5
30,4
30,3
30,2
30,1
30,0
29,111
29,110
29,109
29,108
29,107
29,106
29,105
29,104
29,103
29,102
29,101
29,100
29,99
29,98
29,97
29,96
29,95
29,94
29,93
29,92
29,91
29,90
29,89
29,88
29,87
29,86
29,85
